500
616 -405 364
-32 785 307
543 101 -176
433 -112 289
487 68 -345
714 -7 -238
528 -493 489
702 -271 222
1 814 241
27 709 367
456 -60 234
520 -302 223
587 147 -164
620 -527 285
641 -225 313
446 -424 382
635 72 -349
561 3 -354
636 -563 350
617 -145 200
471 -135 221
76 775 238
660 63 -213
565 -429 297
447 -395 528
398 -320 484
566 69 -174
689 -339 290
490 -210 332
-29 666 365
-54 795 181
565 76 -256
676 -122 210
61 576 248
454 -148 140
516 -328 246
-81 690 209
-12 772 164
492 -53 -353
-96 625 318
592 -292 462
443 -332 184
-25 585 259
593 -327 497
706 92 -148
621 -309 414
587 -120 -245
620 -544 332
573 -404 344
-129 669 166
38 618 366
-159 687 245
699 -336 98
367 -429 488
569 -298 439
574 -504 410
-19 760 269
541 110 -391
716 60 -293
622 -114 -297
-8 653 278
483 -161 332
677 -136 292
583 -172 150
520 -63 116
655 -383 395
598 -299 445
563 -183 215
553 99 -153
551 -344 319
-22 650 114
506 -323 279
-147 580 279
650 -262 237
718 -78 -346
641 -176 323
-22 580 256
483 -256 187
414 -566 406
552 -497 356
633 -121 350
522 -109 -261
715 -26 -196
-74 772 357
-471 273 -33
-32 804 342
-123 758 368
363 -518 516
-38 772 342
485 -313 297
737 63 -289
546 -294 488
-146 672 274
-17 723 382
666 -118 -274
665 -126 171
572 -114 55
366 -362 296
575 -547 285
646 81 -172
81 651 215
-97 707 262
601 -366 386
273 296 -282
561 -73 138
464 -134 200
470 -119 144
581 -41 -258
605 -97 -183
629 -440 531
550 540 110
-155 724 158
661 121 -201
94 634 186
600 -158 163
393 -506 486
452 -168 149
724 142 -175
663 -113 -333
627 91 -213
521 115 -383
581 -136 238
444 -240 304
51 798 138
559 -227 144
-137 655 290
496 -121 230
25 785 314
620 -108 -207
478 22 -242
454 -329 331
513 -98 100
380 -412 502
464 -212 153
663 114 -179
588 -458 474
607 -307 498
-67 615 257
-85 775 198
486 -93 -392
1 651 201
471 -90 -150
463 -106 -288
-52 705 165
691 -205 205
44 566 333
82 812 175
532 -451 535
571 -105 -213
682 -74 250
-133 620 322
736 131 -208
-654 411 402
95 635 134
687 -277 342
641 140 -400
582 -496 442
583 -115 -418
454 -141 -380
478 -123 88
-190 -137 356
709 112 -222
482 -309 347
499 -180 344
479 -490 386
78 725 130
613 117 -174
370 -389 518
645 -140 233
62 764 260
505 -297 314
604 -286 312
518 -230 102
710 98 -363
575 -278 265
629 -590 379
671 68 -281
440 -521 501
550 -232 342
-67 702 361
27 750 270
369 -488 332
-664 -160 653
529 -187 350
455 -271 247
655 -262 312
497 -13 -376
-21 602 221
559 43 -329
547 -336 277
486 -564 397
-31 669 302
-36 567 182
421 -396 282
475 -63 -226
-34 814 218
645 -106 269
454 -117 273
-72 565 261
557 137 -165
688 -145 95
441 -375 499
11 799 234
-38 596 307
-108 775 289
90 765 181
674 -78 282
-133 582 172
484 -94 338
435 -406 387
636 -126 -268
644 40 -213
463 -375 371
-133 707 141
593 92 -415
635 -23 -412
40 655 347
471 -483 297
-115 605 298
585 -139 234
639 -292 79
726 77 -276
538 -242 261
692 -272 327
-179 736 231
575 121 -260
552 67 -310
0 581 204
22 797 303
569 146 -360
-137 769 139
538 -519 546
395 -394 313
563 58 -332
-90 801 365
634 67 -156
562 133 -417
450 -372 316
-271 25 562
580 -248 138
692 -140 306
-35 815 333
632 -472 284
446 -243 118
575 -355 277
-84 711 172
78 749 185
685 154 -167
452 -382 401
686 -42 -345
613 -107 311
734 34 -151
534 124 -296
466 -126 184
475 -262 226
36 729 235
608 -265 348
475 -216 197
199 13 -482
680 -165 165
655 31 -349
491 -512 446
581 -378 337
-25 658 180
638 -96 -185
542 -429 278
244 692 9
554 23 -173
439 -296 464
676 -132 286
-50 637 274
716 71 -229
578 -415 347
586 -354 421
-151 598 344
690 -87 -374
501 46 -198
581 -378 538
-83 653 111
667 -47 -281
614 -342 401
-30 571 333
402 -406 342
469 -219 249
591 -90 -400
446 -529 491
2 547 368
495 -95 123
626 -438 410
647 -61 -308
-111 588 183
685 -140 353
50 589 156
504 -126 254
-88 610 122
-137 670 160
487 -349 286
17 626 356
378 -561 553
469 -363 414
613 -155 103
526 -383 347
540 -522 296
499 -426 476
590 6 -182
-82 814 280
706 -123 317
699 58 -196
-24 748 214
485 -439 334
549 -65 -410
-231 587 7
-95 -388 186
708 -220 349
2 698 192
508 -327 195
51 619 368
-174 722 330
-29 807 239
59 699 179
483 -98 217
474 -307 268
616 6 -172
498 -108 -206
-130 744 151
-163 567 300
555 -333 349
610 -288 511
49 253 -623
5 670 114
540 -562 464
641 -75 -340
21 791 153
477 141 -289
710 76 -415
504 -433 317
473 -151 125
-136 653 162
465 -544 392
678 19 -375
29 604 238
509 -360 387
72 742 338
-147 14 -678
-33 651 363
580 92 -395
536 -454 442
590 -236 219
662 -174 205
592 -283 237
4 587 307
722 125 -211
109 339 -422
635 -378 552
488 6 -371
569 -94 151
48 579 249
-12 735 276
701 -263 159
501 8 -299
568 -92 83
664 -155 242
451 -470 452
493 129 -371
521 -334 548
-22 587 246
387 -398 389
636 -191 206
588 -81 -375
-558 -594 485
519 -230 165
535 -299 319
584 -307 429
-137 673 252
525 -88 -403
531 -146 181
593 58 -263
605 40 -288
510 -138 136
-23 783 146
105 362 681
627 -224 249
626 -126 215
51 545 332
440 -136 233
536 -217 183
658 -292 94
621 -75 271
-372 539 -114
592 -104 -167
461 -31 -196
573 46 -300
590 -222 195
650 31 -390
619 -290 108
679 667 -262
665 -332 181
608 -518 293
569 -455 377
558 -288 287
510 -421 537
90 761 243
522 -93 -286
605 -108 -194
-132 720 152
399 -542 280
547 -246 324
649 115 -323
635 -85 -220
-131 593 321
617 -168 311
680 -261 236
676 130 -188
165 -233 -67
-111 791 292
-88 638 143
610 -360 398
578 -398 273
440 -400 395
518 -37 -222
80 645 248
494 -128 115
598 -470 358
536 -82 111
636 148 -290
502 18 -205
518 -323 482
531 -90 289
650 -101 287
477 -474 467
485 -365 514
455 -312 440
476 -413 293
-208 255 -148
485 -236 112
456 -508 474
730 128 -198
-142 756 329
567 84 -263
-8 684 385
245 -248 124
425 -435 506
552 -417 354
558 -46 -382
479 90 -366
499 -462 456
651 -212 347
579 -258 135
-164 809 264
402 -395 336
460 -345 466
667 118 -290
60 730 112
504 -85 257
426 -487 416
489 -319 296
661 -261 104
524 -519 464
477 -155 194
586 -95 -349
-151 750 367
586 -415 546
479 -12 -413
-99 547 173
404 -335 332
-162 765 251
572 -347 550
-155 687 240
684 -100 170
544 -424 545
264 -493 -37
673 -98 -312
575 -91 211
404 -428 448
519 -339 552
471 -122 -315
524 -466 429
382 -560 320
539 62 -320
632 -177 245
388 -387 497
594 -10 -331
423 -395 442
579 633 662
566 -124 -148
-137 697 183
466 -184 203
517 -67 338
481 134 -283
703 -4 -238
-11 768 188
-114 580 208
-142 785 219
675 51 -391
-135 645 208
474 -6 -273
373 -533 487
551 109 -203
578 -304 347
601 -65 -203
